   1 -- [1]
   2 -- [1, 2]
   3 -- [1, 2, 3]
   4 -- [1, 2, 3, 4]
   5 -- [1, 2, 3, 4, 5]
   6 -- [1, 2, 3, 4, 5, 6]
   7 -- [1, 2, 3, 4, 5, 6, 7]
   8 -- [1, 2, 3, 4, 5, 6, 7, 8]
   9 -- [1, 2, 3, 4, 5, 6, 7, 8, 9]
  10 -- [1, 2, 3, 4, 5, 6, 7, 8, 9, 10]
  11 -- [1, 2, 3, 4, 5, 6, 7, 8, 11, 10]
  12 -- [1, 2, 3, 12, 5, 6, 7, 8, 11, 10]
  13 -- [1, 2, 3, 12, 13, 6, 7, 8, 11, 10]
  14 -- [1, 2, 3, 12, 13, 6, 7, 8, 11, 14]
  15 -- [1, 15, 3, 12, 13, 6, 7, 8, 11, 14]
  16 -- [1, 15, 3, 12, 13, 6, 7, 8, 11, 14]
  17 -- [1, 15, 17, 12, 13, 6, 7, 8, 11, 14]
  18 -- [1, 15, 17, 12, 18, 6, 7, 8, 11, 14]
  19 -- [1, 15, 17, 12, 18, 6, 19, 8, 11, 14]
  20 -- [1, 15, 17, 12, 18, 6, 19, 8, 11, 14]
  21 -- [1, 15, 17, 12, 18, 6, 19, 8, 11, 14]
  22 -- [1, 15, 22, 12, 18, 6, 19, 8, 11, 14]
  23 -- [1, 15, 22, 12, 23, 6, 19, 8, 11, 14]
  24 -- [1, 15, 22, 12, 23, 6, 19, 8, 11, 14]
  25 -- [1, 15, 22, 12, 23, 6, 19, 8, 11, 14]
  26 -- [26, 15, 22, 12, 23, 6, 19, 8, 11, 14]
  27 -- [27, 15, 22, 12, 23, 6, 19, 8, 11, 14]
  28 -- [27, 15, 22, 28, 23, 6, 19, 8, 11, 14]
  29 -- [27, 15, 22, 28, 23, 6, 19, 8, 11, 14]
  30 -- [27, 15, 22, 28, 23, 6, 19, 8, 11, 14]
  31 -- [27, 15, 22, 28, 23, 6, 19, 8, 11, 14]
  32 -- [27, 15, 22, 28, 23, 6, 19, 8, 11, 32]
  33 -- [27, 15, 22, 28, 23, 6, 19, 8, 11, 32]
  34 -- [27, 15, 22, 28, 23, 6, 19, 8, 11, 32]
  35 -- [27, 15, 22, 28, 23, 6, 19, 8, 11, 32]
  36 -- [27, 15, 22, 28, 23, 6, 19, 8, 11, 32]
  37 -- [27, 15, 37, 28, 23, 6, 19, 8, 11, 32]
  38 -- [27, 15, 37, 28, 23, 6, 19, 8, 11, 32]
  39 -- [27, 15, 37, 39, 23, 6, 19, 8, 11, 32]
  40 -- [27, 15, 40, 39, 23, 6, 19, 8, 11, 32]
  41 -- [27, 15, 40, 39, 23, 6, 19, 8, 11, 32]
  42 -- [27, 15, 40, 39, 23, 6, 19, 8, 11, 32]
  43 -- [27, 15, 40, 39, 23, 6, 19, 43, 11, 32]
  44 -- [27, 15, 40, 39, 23, 6, 19, 43, 11, 32]
  45 -- [27, 15, 40, 39, 23, 6, 19, 43, 11, 32]
  46 -- [27, 15, 40, 39, 23, 6, 19, 43, 11, 32]
  47 -- [27, 15, 40, 39, 23, 6, 19, 43, 11, 32]
  48 -- [27, 15, 40, 39, 23, 6, 19, 43, 11, 32]
  49 -- [27, 49, 40, 39, 23, 6, 19, 43, 11, 32]
  50 -- [27, 49, 40, 39, 23, 6, 19, 43, 11, 32]
  51 -- [27, 49, 40, 39, 23, 51, 19, 43, 11, 32]
  52 -- [27, 49, 40, 39, 23, 51, 19, 43, 11, 32]
  53 -- [27, 49, 40, 39, 23, 51, 19, 43, 53, 32]
  54 -- [27, 49, 40, 39, 23, 51, 19, 43, 53, 32]
  55 -- [27, 49, 40, 39, 23, 51, 19, 43, 53, 32]
  56 -- [27, 49, 40, 39, 23, 51, 19, 43, 53, 32]
  57 -- [27, 49, 40, 39, 23, 51, 19, 43, 53, 32]
  58 -- [27, 49, 40, 39, 23, 51, 19, 43, 53, 32]
  59 -- [27, 49, 59, 39, 23, 51, 19, 43, 53, 32]
  60 -- [27, 49, 59, 39, 23, 51, 19, 43, 53, 32]
  61 -- [27, 49, 59, 39, 23, 51, 19, 43, 53, 32]
  62 -- [27, 49, 59, 39, 23, 51, 19, 43, 53, 32]
  63 -- [27, 49, 59, 39, 23, 51, 19, 43, 53, 32]
  64 -- [27, 49, 59, 39, 23, 51, 19, 43, 53, 32]
  65 -- [27, 49, 59, 39, 23, 51, 19, 43, 53, 32]
  66 -- [27, 49, 59, 39, 23, 51, 19, 43, 53, 32]
  67 -- [27, 49, 59, 39, 23, 51, 19, 43, 53, 32]
  68 -- [27, 49, 59, 39, 23, 51, 19, 43, 53, 32]
  69 -- [27, 49, 59, 39, 23, 51, 19, 43, 53, 32]
  70 -- [27, 49, 59, 39, 23, 51, 19, 43, 53, 32]
  71 -- [27, 49, 59, 39, 23, 51, 19, 43, 53, 32]
  72 -- [27, 49, 59, 39, 72, 51, 19, 43, 53, 32]
  73 -- [27, 49, 59, 39, 72, 51, 19, 43, 53, 32]
  74 -- [27, 49, 59, 39, 72, 51, 19, 43, 53, 32]
  75 -- [27, 49, 59, 39, 72, 51, 19, 43, 53, 32]
  76 -- [27, 49, 59, 39, 72, 51, 19, 43, 53, 32]
  77 -- [27, 49, 59, 39, 72, 51, 19, 43, 53, 32]
  78 -- [27, 49, 59, 39, 72, 51, 19, 43, 53, 32]
  79 -- [27, 49, 59, 39, 72, 51, 19, 43, 53, 32]
  80 -- [27, 49, 59, 39, 72, 51, 19, 43, 53, 32]
  81 -- [27, 49, 59, 39, 72, 81, 19, 43, 53, 32]
  82 -- [27, 49, 59, 39, 72, 81, 19, 43, 53, 32]
  83 -- [27, 49, 59, 39, 72, 81, 19, 43, 53, 32]
  84 -- [27, 49, 59, 39, 72, 81, 19, 84, 53, 32]
  85 -- [27, 49, 59, 39, 72, 81, 19, 84, 53, 32]
  86 -- [27, 49, 59, 39, 72, 81, 19, 84, 53, 32]
  87 -- [27, 49, 59, 39, 72, 81, 19, 84, 53, 32]
  88 -- [27, 49, 59, 39, 72, 81, 19, 84, 53, 32]
  89 -- [27, 49, 59, 39, 72, 81, 19, 84, 53, 32]
  90 -- [27, 49, 59, 39, 72, 81, 19, 84, 53, 32]
  91 -- [27, 49, 59, 39, 72, 81, 19, 84, 53, 91]
  92 -- [27, 49, 59, 39, 72, 81, 19, 92, 53, 91]
  93 -- [27, 49, 59, 39, 72, 81, 19, 92, 53, 91]
  94 -- [27, 49, 59, 39, 72, 81, 19, 92, 53, 91]
  95 -- [27, 49, 59, 39, 72, 81, 19, 92, 53, 91]
  96 -- [27, 49, 59, 39, 72, 81, 19, 92, 53, 91]
  97 -- [27, 49, 59, 39, 72, 81, 19, 92, 53, 91]
  98 -- [27, 49, 59, 39, 72, 81, 19, 92, 53, 91]
  99 -- [27, 49, 59, 39, 72, 81, 19, 92, 53, 91]
 100 -- [27, 49, 59, 39, 72, 81, 19, 92, 100, 91]
 101 -- [27, 49, 59, 39, 72, 81, 19, 92, 100, 91]
 102 -- [27, 49, 59, 39, 72, 81, 19, 92, 100, 91]
 103 -- [27, 49, 59, 39, 72, 81, 19, 92, 103, 91]
 104 -- [27, 49, 59, 39, 72, 81, 19, 92, 103, 91]
 105 -- [27, 49, 59, 39, 72, 81, 19, 92, 103, 91]
 106 -- [27, 49, 59, 39, 72, 81, 19, 92, 103, 91]
 107 -- [27, 49, 59, 39, 72, 81, 19, 92, 103, 91]
 108 -- [27, 49, 59, 39, 72, 81, 19, 92, 103, 91]
 109 -- [27, 49, 59, 39, 72, 81, 19, 92, 103, 91]
 110 -- [27, 49, 59, 39, 72, 81, 19, 92, 103, 91]
 111 -- [27, 49, 59, 39, 72, 81, 19, 92, 103, 91]
 112 -- [27, 49, 59, 39, 72, 81, 19, 92, 103, 91]
 113 -- [27, 49, 59, 39, 72, 81, 19, 92, 103, 91]
 114 -- [27, 49, 59, 39, 72, 81, 19, 92, 103, 91]
 115 -- [27, 49, 59, 39, 72, 81, 19, 92, 103, 91]
 116 -- [27, 49, 59, 39, 116, 81, 19, 92, 103, 91]
 117 -- [27, 49, 59, 39, 116, 81, 19, 92, 103, 91]
 118 -- [27, 49, 59, 39, 116, 81, 19, 92, 103, 91]
 119 -- [27, 49, 59, 39, 116, 81, 19, 92, 103, 91]
 120 -- [27, 49, 59, 39, 116, 81, 120, 92, 103, 91]
 121 -- [27, 49, 59, 39, 116, 81, 120, 92, 103, 91]
 122 -- [27, 49, 59, 39, 116, 81, 120, 92, 103, 91]
 123 -- [27, 49, 59, 39, 116, 81, 120, 92, 103, 91]
 124 -- [27, 49, 59, 39, 116, 81, 120, 92, 103, 91]
 125 -- [27, 49, 59, 39, 116, 81, 120, 92, 103, 91]
 126 -- [27, 49, 59, 39, 116, 81, 120, 92, 103, 91]
 127 -- [27, 49, 59, 39, 116, 81, 120, 92, 103, 91]
 128 -- [27, 49, 59, 39, 116, 81, 120, 92, 103, 91]
 129 -- [27, 49, 59, 39, 116, 81, 120, 92, 103, 91]
 130 -- [27, 49, 59, 39, 116, 81, 120, 92, 103, 91]
 131 -- [27, 49, 59, 39, 116, 81, 120, 92, 103, 91]
 132 -- [27, 49, 59, 39, 116, 81, 120, 92, 103, 91]
 133 -- [27, 49, 59, 39, 116, 81, 120, 92, 103, 91]
 134 -- [27, 49, 59, 39, 116, 81, 120, 92, 103, 91]
 135 -- [27, 49, 135, 39, 116, 81, 120, 92, 103, 91]
 136 -- [27, 49, 135, 39, 116, 81, 120, 92, 103, 91]
 137 -- [27, 49, 135, 39, 116, 81, 120, 92, 103, 91]
 138 -- [27, 49, 135, 39, 116, 81, 120, 92, 103, 91]
 139 -- [27, 49, 135, 39, 116, 81, 120, 92, 103, 91]
 140 -- [27, 49, 135, 39, 116, 81, 120, 92, 103, 91]
 141 -- [27, 49, 135, 39, 116, 81, 120, 92, 103, 91]
 142 -- [27, 49, 135, 39, 116, 81, 120, 92, 103, 91]
 143 -- [27, 49, 135, 39, 116, 81, 120, 92, 103, 91]
 144 -- [27, 49, 135, 39, 116, 81, 120, 92, 103, 91]
 145 -- [27, 49, 135, 39, 116, 81, 120, 92, 103, 91]
 146 -- [27, 49, 135, 39, 116, 81, 120, 92, 103, 91]
 147 -- [27, 49, 135, 39, 116, 81, 120, 92, 103, 91]
 148 -- [27, 49, 135, 39, 116, 81, 120, 92, 103, 91]
 149 -- [27, 49, 135, 39, 116, 81, 120, 92, 103, 91]
 150 -- [27, 49, 135, 39, 150, 81, 120, 92, 103, 91]
 151 -- [27, 49, 135, 39, 150, 81, 120, 92, 103, 91]
 152 -- [27, 49, 135, 39, 150, 81, 120, 92, 103, 91]
 153 -- [27, 49, 135, 39, 150, 81, 120, 92, 103, 91]
 154 -- [27, 49, 135, 39, 150, 81, 120, 92, 103, 91]
 155 -- [27, 49, 135, 39, 150, 81, 120, 92, 103, 91]
 156 -- [27, 49, 135, 39, 150, 81, 120, 92, 103, 91]
 157 -- [27, 49, 135, 39, 150, 81, 120, 92, 103, 91]
 158 -- [27, 49, 135, 39, 150, 81, 120, 92, 103, 91]
 159 -- [27, 49, 135, 39, 150, 81, 120, 92, 103, 91]
 160 -- [27, 49, 135, 39, 150, 81, 120, 92, 103, 91]
 161 -- [27, 49, 135, 39, 150, 81, 120, 92, 103, 91]
 162 -- [27, 49, 135, 39, 150, 81, 120, 92, 103, 91]
 163 -- [27, 49, 135, 39, 150, 81, 120, 92, 103, 91]
 164 -- [27, 49, 135, 39, 150, 81, 120, 92, 103, 91]
 165 -- [27, 49, 135, 39, 150, 81, 120, 92, 103, 91]
 166 -- [27, 49, 135, 39, 150, 81, 120, 92, 103, 91]
 167 -- [27, 49, 135, 39, 150, 81, 120, 92, 103, 91]
 168 -- [27, 49, 135, 39, 150, 81, 120, 92, 103, 91]
 169 -- [27, 49, 135, 39, 150, 81, 120, 92, 103, 91]
 170 -- [27, 170, 135, 39, 150, 81, 120, 92, 103, 91]
 171 -- [27, 170, 135, 39, 150, 81, 120, 92, 103, 91]
 172 -- [27, 170, 135, 39, 150, 81, 120, 92, 103, 91]
 173 -- [27, 170, 135, 39, 150, 81, 120, 92, 103, 91]
 174 -- [27, 170, 135, 39, 150, 81, 120, 92, 103, 91]
 175 -- [27, 170, 135, 39, 150, 81, 120, 92, 103, 91]
 176 -- [27, 170, 135, 39, 150, 81, 120, 92, 103, 91]
 177 -- [27, 170, 135, 39, 150, 81, 120, 92, 103, 91]
 178 -- [27, 170, 135, 39, 178, 81, 120, 92, 103, 91]
 179 -- [27, 170, 135, 39, 178, 81, 120, 92, 103, 91]
 180 -- [27, 170, 135, 39, 178, 81, 120, 92, 103, 91]
 181 -- [27, 170, 135, 39, 178, 81, 120, 92, 103, 91]
 182 -- [27, 170, 135, 39, 178, 81, 120, 92, 182, 91]
 183 -- [27, 170, 135, 39, 178, 81, 120, 92, 182, 91]
 184 -- [27, 170, 135, 39, 178, 81, 120, 92, 182, 91]
 185 -- [27, 170, 135, 39, 178, 81, 120, 185, 182, 91]
 186 -- [27, 170, 135, 39, 178, 81, 120, 185, 182, 91]
 187 -- [27, 170, 135, 39, 178, 81, 120, 185, 182, 91]
 188 -- [27, 170, 135, 39, 178, 81, 120, 185, 182, 91]
 189 -- [27, 170, 135, 39, 178, 81, 120, 185, 182, 91]
 190 -- [27, 170, 135, 39, 178, 81, 120, 185, 182, 91]
 191 -- [27, 170, 135, 39, 178, 81, 120, 185, 182, 91]
 192 -- [27, 170, 135, 39, 178, 81, 120, 185, 182, 91]
 193 -- [27, 170, 135, 39, 178, 81, 120, 185, 182, 91]
 194 -- [27, 170, 135, 39, 178, 81, 120, 185, 182, 91]
 195 -- [27, 170, 135, 39, 178, 81, 120, 185, 182, 91]
 196 -- [27, 170, 135, 39, 178, 81, 120, 185, 182, 91]
 197 -- [27, 170, 135, 39, 178, 81, 120, 185, 182, 91]
 198 -- [27, 170, 135, 39, 178, 81, 120, 185, 182, 91]
 199 -- [27, 170, 135, 39, 178, 81, 120, 185, 182, 91]
 200 -- [27, 170, 135, 39, 178, 81, 120, 185, 182, 91]
 201 -- [27, 170, 135, 39, 178, 81, 120, 185, 182, 91]
 202 -- [27, 170, 135, 39, 178, 81, 120, 185, 182, 91]
 203 -- [27, 170, 135, 39, 178, 81, 120, 185, 182, 91]
 204 -- [27, 170, 135, 39, 178, 81, 120, 185, 182, 91]
 205 -- [27, 170, 135, 39, 178, 81, 120, 185, 182, 91]
 206 -- [27, 170, 135, 39, 178, 81, 120, 185, 182, 91]
 207 -- [27, 207, 135, 39, 178, 81, 120, 185, 182, 91]
 208 -- [27, 207, 135, 39, 178, 81, 120, 185, 182, 91]
 209 -- [27, 207, 135, 39, 178, 81, 120, 185, 182, 91]
 210 -- [27, 207, 135, 39, 178, 81, 120, 185, 182, 91]
 211 -- [27, 207, 135, 39, 178, 81, 120, 185, 182, 91]
 212 -- [27, 207, 135, 39, 178, 81, 120, 185, 182, 91]
 213 -- [27, 207, 135, 39, 178, 81, 120, 185, 182, 91]
 214 -- [27, 207, 135, 39, 178, 81, 120, 185, 182, 91]
 215 -- [27, 207, 135, 39, 178, 81, 120, 185, 182, 91]
 216 -- [27, 207, 135, 39, 178, 81, 120, 185, 182, 91]
 217 -- [27, 207, 135, 39, 178, 81, 120, 185, 182, 91]
 218 -- [27, 207, 135, 39, 178, 81, 120, 185, 182, 91]
 219 -- [27, 207, 135, 39, 178, 81, 120, 185, 182, 91]
 220 -- [27, 207, 135, 39, 178, 81, 120, 185, 182, 91]
 221 -- [27, 207, 135, 39, 178, 81, 120, 185, 182, 91]
 222 -- [27, 207, 135, 39, 178, 81, 120, 185, 182, 91]
 223 -- [27, 207, 135, 39, 178, 81, 120, 185, 182, 91]
 224 -- [27, 207, 135, 39, 178, 81, 120, 185, 182, 91]
 225 -- [27, 207, 135, 39, 178, 81, 120, 185, 182, 91]
 226 -- [27, 207, 135, 39, 178, 81, 120, 185, 182, 91]
 227 -- [27, 207, 135, 39, 178, 81, 120, 185, 182, 91]
 228 -- [27, 207, 135, 39, 178, 81, 120, 185, 182, 91]
 229 -- [27, 207, 135, 39, 178, 81, 120, 185, 182, 91]
 230 -- [27, 207, 135, 39, 178, 81, 120, 185, 182, 91]
 231 -- [27, 207, 135, 39, 178, 81, 120, 185, 182, 91]
 232 -- [27, 207, 135, 39, 178, 81, 120, 185, 182, 91]
 233 -- [27, 207, 135, 39, 178, 81, 120, 185, 182, 91]
 234 -- [27, 207, 135, 39, 178, 81, 120, 185, 182, 91]
 235 -- [27, 207, 135, 39, 178, 81, 120, 185, 182, 91]
 236 -- [27, 207, 135, 39, 178, 81, 120, 185, 182, 91]
 237 -- [27, 207, 135, 39, 178, 81, 120, 185, 182, 91]
 238 -- [27, 207, 135, 39, 178, 81, 120, 185, 182, 91]
 239 -- [27, 207, 135, 39, 178, 81, 120, 185, 182, 91]
 240 -- [27, 207, 135, 39, 178, 81, 120, 185, 182, 91]
 241 -- [27, 207, 135, 39, 178, 81, 120, 185, 182, 91]
 242 -- [27, 207, 135, 39, 178, 81, 120, 185, 182, 91]
 243 -- [27, 207, 135, 39, 178, 81, 120, 185, 182, 91]
 244 -- [27, 207, 135, 39, 178, 81, 120, 185, 182, 91]
 245 -- [27, 207, 135, 39, 178, 81, 120, 185, 182, 91]
 246 -- [27, 207, 246, 39, 178, 81, 120, 185, 182, 91]
 247 -- [27, 207, 246, 39, 178, 81, 120, 185, 182, 91]
 248 -- [27, 207, 246, 39, 178, 81, 120, 185, 182, 91]
 249 -- [27, 207, 246, 39, 178, 81, 120, 185, 182, 91]
 250 -- [27, 207, 246, 39, 178, 81, 120, 185, 182, 91]
 251 -- [27, 207, 246, 39, 178, 81, 120, 185, 182, 91]
 252 -- [27, 207, 246, 39, 178, 81, 120, 185, 182, 91]
 253 -- [27, 207, 246, 39, 178, 81, 120, 185, 182, 91]
 254 -- [27, 207, 246, 39, 178, 81, 120, 185, 182, 91]
 255 -- [27, 207, 246, 39, 178, 81, 120, 185, 182, 91]
 256 -- [27, 207, 246, 39, 178, 81, 120, 185, 182, 91]
 257 -- [27, 207, 246, 39, 178, 81, 120, 185, 182, 91]
 258 -- [27, 207, 246, 39, 178, 81, 120, 185, 182, 91]
 259 -- [27, 207, 246, 39, 178, 81, 120, 185, 182, 91]
 260 -- [27, 207, 246, 39, 178, 81, 120, 185, 182, 91]
 261 -- [27, 207, 246, 39, 178, 81, 120, 185, 182, 91]
 262 -- [27, 207, 246, 39, 178, 81, 120, 185, 182, 91]
 263 -- [27, 207, 246, 39, 178, 81, 120, 185, 182, 91]
 264 -- [27, 207, 246, 39, 178, 81, 120, 185, 182, 91]
 265 -- [27, 207, 246, 39, 178, 81, 120, 185, 182, 91]
 266 -- [27, 207, 246, 39, 178, 81, 120, 185, 182, 91]
 267 -- [27, 207, 246, 39, 178, 81, 120, 185, 182, 91]
 268 -- [27, 207, 246, 39, 178, 81, 120, 185, 182, 91]
 269 -- [27, 207, 246, 39, 178, 269, 120, 185, 182, 91]
 270 -- [27, 207, 246, 39, 178, 269, 120, 185, 182, 91]
 271 -- [27, 207, 246, 39, 178, 269, 120, 185, 182, 91]
 272 -- [27, 207, 246, 39, 178, 269, 120, 185, 182, 91]
 273 -- [27, 207, 246, 39, 178, 269, 120, 185, 182, 91]
 274 -- [27, 207, 246, 39, 178, 269, 120, 185, 182, 91]
 275 -- [27, 207, 246, 39, 178, 269, 120, 185, 182, 91]
 276 -- [27, 207, 246, 39, 178, 269, 120, 185, 182, 91]
 277 -- [27, 207, 246, 39, 178, 269, 120, 185, 182, 91]
 278 -- [27, 207, 246, 39, 178, 269, 120, 185, 182, 91]
 279 -- [27, 207, 246, 39, 178, 269, 120, 185, 182, 91]
 280 -- [27, 207, 246, 39, 178, 269, 120, 185, 182, 91]
 281 -- [27, 207, 246, 39, 178, 269, 120, 185, 182, 91]
 282 -- [27, 207, 246, 39, 178, 269, 120, 185, 182, 91]
 283 -- [27, 207, 246, 39, 178, 269, 120, 185, 182, 91]
 284 -- [27, 207, 246, 39, 178, 269, 120, 185, 182, 91]
 285 -- [27, 207, 246, 39, 178, 269, 120, 185, 182, 91]
 286 -- [27, 207, 246, 39, 178, 269, 120, 185, 182, 91]
 287 -- [27, 207, 246, 39, 178, 269, 120, 185, 182, 91]
 288 -- [27, 207, 246, 39, 178, 269, 120, 185, 182, 91]
 289 -- [27, 207, 246, 39, 178, 269, 120, 185, 182, 91]
 290 -- [27, 207, 246, 39, 178, 269, 120, 185, 182, 91]
 291 -- [27, 207, 246, 39, 178, 269, 120, 185, 182, 91]
 292 -- [27, 207, 246, 39, 178, 269, 120, 185, 182, 91]
 293 -- [27, 207, 246, 39, 178, 269, 120, 185, 182, 91]
 294 -- [27, 207, 246, 39, 178, 269, 120, 185, 182, 91]
 295 -- [27, 207, 246, 39, 178, 269, 120, 185, 182, 91]
 296 -- [27, 207, 246, 39, 178, 269, 120, 185, 182, 91]
 297 -- [27, 207, 246, 39, 178, 269, 120, 185, 182, 91]
 298 -- [27, 207, 246, 39, 178, 269, 120, 185, 182, 91]
 299 -- [27, 207, 246, 39, 178, 269, 120, 185, 182, 91]
 300 -- [27, 207, 246, 39, 178, 269, 120, 185, 182, 91]
 301 -- [27, 207, 246, 39, 178, 269, 120, 185, 182, 91]
 302 -- [27, 207, 246, 39, 178, 269, 120, 185, 182, 91]
 303 -- [27, 207, 246, 39, 178, 269, 303, 185, 182, 91]
 304 -- [27, 207, 246, 39, 178, 269, 303, 185, 182, 91]
 305 -- [27, 207, 246, 39, 178, 269, 303, 185, 182, 91]
 306 -- [27, 207, 246, 39, 178, 269, 303, 185, 182, 91]
 307 -- [27, 207, 246, 39, 178, 269, 303, 185, 182, 307]
 308 -- [27, 207, 246, 39, 178, 269, 303, 185, 182, 307]
 309 -- [27, 207, 246, 39, 178, 269, 303, 185, 182, 307]
 310 -- [27, 207, 246, 39, 178, 269, 303, 185, 182, 307]
 311 -- [27, 207, 246, 39, 178, 269, 303, 185, 182, 307]
 312 -- [27, 207, 246, 39, 178, 269, 303, 185, 182, 307]
 313 -- [27, 207, 246, 39, 178, 269, 303, 185, 182, 307]
 314 -- [27, 207, 246, 39, 178, 269, 303, 185, 182, 307]
 315 -- [27, 207, 246, 39, 178, 269, 303, 185, 182, 307]
 316 -- [27, 207, 246, 39, 178, 269, 303, 185, 182, 307]
 317 -- [27, 207, 246, 39, 178, 269, 303, 185, 182, 307]
 318 -- [27, 207, 246, 39, 178, 269, 303, 185, 182, 307]
 319 -- [27, 207, 246, 39, 178, 269, 303, 185, 182, 307]
 320 -- [27, 207, 246, 39, 178, 269, 303, 185, 182, 307]
 321 -- [27, 207, 246, 39, 178, 269, 303, 185, 182, 307]
 322 -- [27, 207, 246, 39, 178, 269, 303, 185, 182, 307]
 323 -- [27, 207, 246, 39, 178, 269, 303, 185, 182, 307]
 324 -- [27, 207, 246, 39, 178, 269, 303, 185, 182, 307]
 325 -- [27, 207, 246, 39, 178, 269, 303, 185, 182, 307]
 326 -- [27, 207, 246, 39, 178, 269, 303, 185, 182, 307]
 327 -- [27, 207, 246, 39, 178, 269, 303, 185, 182, 307]
 328 -- [27, 207, 246, 39, 178, 269, 303, 185, 182, 307]
 329 -- [27, 207, 246, 39, 178, 269, 303, 185, 182, 307]
 330 -- [27, 207, 246, 39, 178, 269, 303, 185, 182, 307]
 331 -- [27, 207, 246, 39, 178, 269, 303, 185, 182, 307]
 332 -- [27, 207, 246, 39, 178, 269, 303, 185, 182, 307]
 333 -- [27, 207, 246, 39, 178, 269, 303, 185, 182, 307]
 334 -- [27, 207, 246, 39, 178, 269, 303, 185, 182, 307]
 335 -- [27, 207, 246, 39, 178, 269, 303, 185, 182, 307]
 336 -- [27, 207, 246, 39, 178, 269, 303, 185, 182, 307]
 337 -- [27, 207, 246, 39, 178, 269, 303, 185, 182, 307]
 338 -- [27, 207, 246, 39, 178, 269, 303, 185, 182, 307]
 339 -- [27, 207, 246, 39, 178, 269, 303, 185, 182, 307]
 340 -- [27, 207, 246, 39, 178, 269, 303, 185, 182, 307]
 341 -- [27, 207, 246, 39, 178, 269, 303, 185, 182, 307]
 342 -- [27, 207, 246, 39, 178, 269, 303, 185, 182, 307]
 343 -- [27, 207, 246, 39, 178, 269, 303, 185, 182, 307]
 344 -- [27, 207, 246, 39, 178, 269, 303, 185, 182, 307]
 345 -- [27, 207, 246, 39, 178, 269, 303, 185, 182, 307]
 346 -- [346, 207, 246, 39, 178, 269, 303, 185, 182, 307]
 347 -- [346, 207, 246, 39, 178, 269, 303, 185, 182, 307]
 348 -- [346, 207, 246, 39, 178, 269, 303, 185, 182, 307]
 349 -- [346, 207, 246, 39, 178, 269, 303, 185, 182, 307]
 350 -- [346, 207, 246, 39, 178, 269, 303, 185, 182, 307]
 351 -- [346, 207, 246, 39, 178, 269, 303, 185, 182, 307]
 352 -- [346, 207, 246, 39, 178, 269, 303, 185, 182, 307]
 353 -- [346, 207, 246, 39, 178, 269, 303, 185, 182, 307]
 354 -- [346, 207, 246, 39, 178, 269, 303, 185, 182, 307]
 355 -- [346, 207, 246, 39, 178, 269, 303, 185, 182, 307]
 356 -- [346, 207, 246, 39, 178, 269, 303, 185, 182, 307]
 357 -- [346, 207, 246, 39, 178, 269, 303, 185, 182, 307]
 358 -- [346, 207, 246, 39, 178, 269, 303, 185, 182, 307]
 359 -- [346, 207, 246, 39, 178, 269, 303, 185, 182, 307]
 360 -- [346, 207, 246, 39, 178, 269, 303, 185, 182, 307]
 361 -- [346, 207, 246, 39, 178, 269, 303, 185, 182, 307]
 362 -- [346, 207, 246, 39, 178, 269, 303, 185, 182, 307]
 363 -- [346, 207, 246, 39, 178, 269, 303, 185, 182, 307]
 364 -- [346, 207, 246, 39, 178, 269, 303, 185, 182, 307]
 365 -- [346, 207, 246, 39, 178, 269, 303, 185, 182, 307]
 366 -- [346, 207, 246, 39, 178, 269, 303, 185, 182, 307]
 367 -- [346, 207, 246, 39, 178, 269, 303, 185, 182, 307]
 368 -- [346, 207, 246, 39, 178, 269, 303, 185, 182, 307]
 369 -- [346, 207, 246, 39, 178, 269, 303, 185, 182, 307]
 370 -- [346, 207, 246, 39, 178, 269, 303, 185, 182, 307]
 371 -- [346, 207, 246, 39, 178, 269, 303, 185, 182, 307]
 372 -- [346, 207, 246, 39, 178, 269, 303, 185, 182, 307]
 373 -- [346, 207, 246, 39, 178, 269, 303, 185, 182, 307]
 374 -- [346, 207, 246, 39, 178, 269, 303, 185, 182, 307]
 375 -- [346, 207, 246, 39, 178, 269, 303, 185, 182, 307]
 376 -- [346, 207, 246, 39, 178, 269, 303, 185, 182, 307]
 377 -- [346, 207, 246, 39, 178, 269, 303, 185, 377, 307]
 378 -- [346, 207, 246, 39, 178, 269, 303, 185, 377, 307]
 379 -- [346, 207, 246, 39, 178, 269, 303, 185, 377, 307]
 380 -- [346, 207, 246, 39, 178, 269, 303, 185, 377, 307]
 381 -- [346, 207, 246, 39, 178, 269, 303, 185, 377, 307]
 382 -- [346, 207, 246, 39, 178, 269, 303, 185, 377, 307]
 383 -- [346, 207, 246, 39, 178, 269, 303, 185, 377, 307]
 384 -- [346, 207, 246, 39, 178, 269, 303, 185, 377, 307]
 385 -- [346, 207, 246, 39, 178, 269, 303, 185, 377, 307]
 386 -- [346, 207, 246, 39, 178, 269, 303, 185, 377, 307]
 387 -- [346, 207, 246, 39, 178, 269, 303, 185, 377, 307]
 388 -- [346, 207, 246, 39, 178, 269, 303, 185, 377, 307]
 389 -- [346, 207, 246, 39, 178, 269, 303, 185, 377, 307]
 390 -- [346, 207, 246, 39, 178, 269, 303, 185, 377, 307]
 391 -- [346, 207, 246, 39, 178, 269, 303, 185, 377, 307]
 392 -- [346, 207, 246, 39, 178, 269, 303, 185, 377, 307]
 393 -- [346, 207, 246, 39, 178, 269, 303, 185, 377, 307]
 394 -- [346, 207, 246, 39, 178, 269, 303, 185, 377, 307]
 395 -- [346, 207, 246, 39, 178, 269, 303, 185, 377, 307]
 396 -- [346, 207, 246, 39, 178, 269, 303, 185, 377, 307]
 397 -- [346, 207, 246, 39, 178, 269, 303, 185, 377, 307]
 398 -- [346, 207, 246, 39, 178, 269, 303, 185, 377, 307]
 399 -- [346, 207, 246, 39, 178, 269, 303, 185, 377, 307]
 400 -- [346, 207, 246, 39, 178, 269, 303, 185, 377, 307]
 401 -- [346, 207, 246, 39, 401, 269, 303, 185, 377, 307]
 402 -- [346, 207, 246, 39, 401, 269, 303, 185, 377, 307]
 403 -- [346, 207, 246, 39, 401, 269, 303, 185, 377, 307]
 404 -- [346, 207, 246, 39, 401, 269, 303, 185, 377, 307]
 405 -- [346, 207, 246, 39, 401, 269, 303, 185, 377, 307]
 406 -- [346, 207, 246, 39, 401, 269, 303, 185, 377, 307]
 407 -- [346, 207, 246, 39, 401, 269, 303, 185, 377, 307]
 408 -- [346, 207, 246, 39, 401, 269, 303, 185, 377, 307]
 409 -- [346, 207, 409, 39, 401, 269, 303, 185, 377, 307]
 410 -- [346, 410, 409, 39, 401, 269, 303, 185, 377, 307]
 411 -- [346, 410, 409, 39, 401, 269, 303, 185, 377, 307]
 412 -- [346, 410, 409, 39, 401, 269, 303, 185, 377, 307]
 413 -- [346, 410, 409, 39, 401, 269, 303, 185, 377, 307]
 414 -- [346, 410, 409, 39, 401, 269, 303, 185, 377, 307]
 415 -- [346, 410, 409, 39, 401, 269, 303, 185, 377, 307]
 416 -- [346, 410, 409, 39, 401, 269, 303, 185, 377, 307]
 417 -- [346, 410, 409, 39, 401, 269, 303, 185, 377, 307]
 418 -- [346, 410, 409, 39, 401, 269, 303, 185, 377, 307]
 419 -- [346, 410, 409, 39, 401, 269, 303, 185, 377, 307]
 420 -- [346, 410, 409, 39, 401, 269, 303, 185, 377, 307]
 421 -- [346, 410, 409, 39, 401, 269, 303, 185, 377, 307]
 422 -- [346, 410, 409, 39, 401, 269, 303, 185, 377, 307]
 423 -- [346, 410, 409, 39, 401, 269, 303, 185, 377, 307]
 424 -- [346, 410, 409, 39, 401, 269, 303, 185, 377, 307]
 425 -- [346, 410, 409, 39, 401, 425, 303, 185, 377, 307]
 426 -- [346, 410, 409, 39, 401, 425, 303, 185, 377, 307]
 427 -- [346, 410, 409, 39, 401, 425, 303, 185, 377, 307]
 428 -- [346, 410, 409, 39, 401, 425, 303, 185, 377, 307]
 429 -- [346, 410, 409, 39, 401, 425, 303, 185, 377, 307]
 430 -- [346, 410, 409, 39, 401, 425, 303, 185, 377, 307]
 431 -- [346, 410, 409, 431, 401, 425, 303, 185, 377, 307]
 432 -- [346, 410, 409, 431, 401, 425, 303, 185, 377, 307]
 433 -- [346, 410, 409, 431, 401, 425, 303, 185, 377, 307]
 434 -- [346, 410, 409, 431, 401, 425, 303, 185, 377, 307]
 435 -- [346, 410, 409, 431, 401, 425, 303, 185, 377, 307]
 436 -- [346, 410, 409, 431, 401, 425, 303, 185, 377, 307]
 437 -- [346, 410, 409, 431, 401, 425, 303, 185, 377, 307]
 438 -- [346, 410, 409, 431, 401, 425, 303, 185, 377, 307]
 439 -- [346, 410, 409, 431, 401, 425, 303, 185, 377, 307]
 440 -- [346, 410, 409, 431, 401, 425, 303, 185, 377, 307]
 441 -- [346, 410, 409, 431, 401, 425, 303, 185, 377, 307]
 442 -- [346, 410, 409, 431, 401, 425, 303, 185, 377, 307]
 443 -- [346, 410, 409, 431, 401, 425, 303, 185, 377, 307]
 444 -- [346, 410, 409, 431, 401, 425, 303, 185, 377, 307]
 445 -- [346, 410, 409, 431, 401, 425, 303, 185, 377, 307]
 446 -- [346, 410, 409, 431, 401, 425, 303, 185, 377, 307]
 447 -- [346, 410, 409, 431, 401, 425, 303, 185, 377, 307]
 448 -- [346, 410, 409, 431, 401, 425, 303, 185, 377, 307]
 449 -- [346, 410, 409, 431, 401, 425, 303, 185, 377, 307]
 450 -- [346, 410, 409, 431, 401, 425, 303, 185, 377, 307]
 451 -- [346, 410, 409, 431, 401, 425, 451, 185, 377, 307]
 452 -- [346, 410, 409, 431, 401, 425, 451, 185, 377, 307]
 453 -- [346, 410, 409, 431, 401, 425, 451, 185, 377, 307]
 454 -- [346, 410, 409, 431, 401, 425, 451, 185, 377, 307]
 455 -- [346, 410, 409, 431, 401, 425, 451, 185, 377, 307]
 456 -- [346, 410, 409, 431, 401, 425, 451, 456, 377, 307]
 457 -- [346, 410, 409, 431, 401, 425, 451, 456, 377, 307]
 458 -- [346, 410, 409, 431, 401, 425, 451, 456, 377, 307]
 459 -- [346, 410, 409, 431, 401, 425, 451, 456, 377, 307]
 460 -- [346, 410, 409, 431, 401, 425, 451, 456, 377, 307]
 461 -- [346, 410, 409, 431, 401, 425, 451, 456, 377, 307]
 462 -- [346, 410, 409, 431, 401, 425, 451, 456, 377, 307]
 463 -- [346, 410, 409, 431, 401, 425, 451, 456, 377, 307]
 464 -- [346, 410, 409, 431, 401, 425, 451, 456, 377, 307]
 465 -- [346, 410, 409, 431, 401, 425, 451, 456, 377, 307]
 466 -- [346, 410, 409, 431, 401, 425, 451, 456, 377, 307]
 467 -- [346, 410, 409, 431, 401, 425, 451, 456, 377, 307]
 468 -- [346, 410, 409, 431, 401, 425, 451, 456, 377, 307]
 469 -- [346, 410, 409, 431, 401, 425, 451, 456, 377, 307]
 470 -- [346, 410, 409, 431, 401, 425, 451, 456, 377, 307]
 471 -- [346, 410, 409, 431, 401, 425, 451, 456, 377, 307]
 472 -- [346, 410, 409, 431, 401, 425, 451, 456, 377, 307]
 473 -- [346, 410, 409, 431, 401, 425, 451, 456, 377, 307]
 474 -- [346, 410, 409, 431, 401, 425, 451, 456, 377, 307]
 475 -- [346, 410, 409, 431, 401, 425, 451, 456, 377, 307]
 476 -- [346, 410, 409, 431, 401, 425, 451, 456, 377, 307]
 477 -- [346, 410, 409, 431, 401, 425, 451, 456, 377, 307]
 478 -- [346, 410, 409, 431, 401, 425, 451, 456, 377, 307]
 479 -- [346, 410, 409, 431, 401, 425, 451, 456, 377, 307]
 480 -- [346, 410, 409, 431, 401, 425, 451, 456, 377, 307]
 481 -- [346, 410, 409, 431, 401, 425, 451, 456, 377, 307]
 482 -- [346, 410, 409, 431, 401, 425, 451, 456, 377, 307]
 483 -- [346, 410, 409, 431, 401, 425, 451, 456, 377, 307]
 484 -- [346, 410, 409, 431, 401, 425, 451, 456, 377, 307]
 485 -- [346, 410, 409, 431, 401, 425, 451, 456, 377, 307]
 486 -- [346, 410, 409, 431, 401, 425, 451, 456, 377, 307]
 487 -- [346, 410, 409, 431, 401, 425, 451, 456, 377, 307]
 488 -- [346, 410, 409, 431, 401, 425, 451, 456, 377, 307]
 489 -- [346, 410, 409, 431, 401, 425, 451, 456, 377, 307]
 490 -- [346, 410, 409, 431, 401, 425, 451, 456, 377, 307]
 491 -- [346, 410, 409, 431, 401, 425, 451, 456, 377, 307]
 492 -- [346, 410, 409, 431, 401, 425, 451, 456, 377, 307]
 493 -- [346, 410, 409, 431, 401, 425, 451, 456, 377, 307]
 494 -- [346, 410, 409, 431, 401, 425, 451, 456, 377, 307]
 495 -- [346, 410, 409, 431, 401, 425, 451, 456, 377, 307]
 496 -- [346, 410, 409, 431, 401, 425, 451, 456, 377, 307]
 497 -- [346, 410, 409, 431, 401, 425, 451, 456, 377, 307]
 498 -- [346, 410, 409, 431, 401, 425, 451, 456, 377, 307]
 499 -- [346, 410, 409, 431, 401, 425, 451, 456, 377, 307]
 500 -- [346, 410, 409, 431, 401, 425, 451, 456, 377, 307]
 501 -- [346, 410, 409, 431, 401, 425, 451, 456, 377, 307]
 502 -- [346, 410, 409, 431, 401, 425, 451, 456, 377, 307]
 503 -- [346, 410, 409, 431, 401, 425, 451, 456, 377, 307]
 504 -- [346, 410, 409, 431, 401, 425, 451, 456, 377, 307]
 505 -- [346, 410, 409, 431, 401, 425, 451, 456, 377, 307]
 506 -- [346, 410, 409, 431, 401, 425, 451, 456, 377, 307]
 507 -- [346, 410, 409, 431, 401, 425, 451, 456, 377, 307]
 508 -- [346, 410, 409, 431, 401, 425, 451, 456, 377, 307]
 509 -- [346, 410, 409, 431, 401, 425, 451, 456, 377, 307]
 510 -- [346, 410, 409, 431, 401, 425, 451, 456, 377, 307]
 511 -- [346, 410, 409, 431, 401, 425, 451, 456, 377, 307]
 512 -- [346, 410, 409, 431, 401, 425, 451, 456, 377, 307]
 513 -- [346, 410, 409, 431, 401, 425, 451, 456, 377, 307]
 514 -- [346, 410, 409, 431, 401, 425, 451, 456, 377, 307]
 515 -- [346, 410, 409, 431, 401, 425, 451, 456, 377, 307]
 516 -- [346, 410, 409, 431, 401, 425, 451, 456, 377, 307]
 517 -- [346, 410, 409, 431, 401, 425, 451, 456, 377, 307]
 518 -- [346, 410, 409, 431, 401, 425, 451, 456, 377, 307]
 519 -- [346, 410, 409, 431, 401, 425, 451, 456, 377, 307]
 520 -- [346, 410, 409, 431, 401, 425, 451, 456, 377, 307]
 521 -- [346, 410, 409, 431, 401, 425, 451, 456, 377, 307]
 522 -- [346, 410, 409, 431, 401, 425, 451, 456, 377, 307]
 523 -- [346, 410, 409, 431, 401, 425, 451, 456, 377, 307]
 524 -- [346, 410, 409, 431, 401, 425, 451, 456, 377, 307]
 525 -- [346, 410, 409, 431, 401, 425, 451, 456, 377, 307]
 526 -- [346, 410, 409, 431, 401, 425, 451, 456, 377, 307]
 527 -- [346, 410, 409, 431, 401, 425, 451, 456, 377, 307]
 528 -- [346, 410, 409, 431, 401, 425, 451, 456, 377, 307]
 529 -- [346, 410, 409, 431, 401, 425, 451, 456, 377, 307]
 530 -- [346, 410, 409, 431, 401, 425, 451, 456, 377, 307]
 531 -- [346, 410, 409, 431, 401, 425, 451, 456, 377, 307]
 532 -- [346, 410, 409, 431, 401, 425, 451, 456, 377, 307]
 533 -- [346, 410, 409, 431, 401, 425, 451, 456, 377, 307]
 534 -- [346, 410, 409, 431, 401, 425, 451, 456, 377, 307]
 535 -- [346, 410, 409, 431, 401, 425, 451, 456, 377, 307]
 536 -- [346, 410, 409, 431, 401, 425, 451, 456, 377, 307]
 537 -- [346, 410, 409, 431, 401, 425, 451, 456, 377, 307]
 538 -- [346, 410, 409, 431, 401, 425, 451, 456, 377, 307]
 539 -- [346, 410, 409, 431, 401, 425, 451, 456, 377, 307]
 540 -- [346, 410, 409, 431, 401, 425, 451, 456, 377, 307]
 541 -- [346, 410, 409, 431, 401, 425, 451, 456, 377, 307]
 542 -- [346, 410, 409, 431, 401, 425, 451, 456, 377, 307]
 543 -- [346, 410, 409, 431, 401, 425, 451, 456, 377, 307]
 544 -- [346, 410, 409, 431, 401, 425, 451, 456, 377, 307]
 545 -- [346, 410, 409, 431, 401, 425, 451, 456, 377, 307]
 546 -- [346, 410, 409, 431, 401, 425, 451, 456, 377, 307]
 547 -- [346, 410, 409, 431, 401, 425, 451, 456, 377, 307]
 548 -- [346, 410, 409, 431, 401, 425, 451, 456, 377, 307]
 549 -- [346, 410, 409, 431, 401, 425, 451, 456, 377, 307]
 550 -- [346, 410, 409, 431, 401, 425, 451, 456, 377, 307]
 551 -- [346, 410, 409, 431, 401, 425, 451, 456, 377, 307]
 552 -- [346, 410, 409, 431, 401, 425, 451, 456, 377, 307]
 553 -- [346, 410, 409, 431, 401, 425, 451, 456, 377, 307]
 554 -- [346, 410, 409, 431, 401, 425, 451, 456, 377, 307]
 555 -- [346, 410, 409, 431, 401, 425, 451, 456, 377, 307]
 556 -- [346, 410, 409, 431, 401, 425, 451, 456, 377, 307]
 557 -- [346, 410, 409, 431, 401, 425, 451, 456, 377, 307]
 558 -- [346, 410, 409, 431, 401, 425, 451, 456, 377, 307]
 559 -- [346, 410, 409, 431, 401, 425, 451, 456, 377, 307]
 560 -- [346, 410, 409, 431, 401, 425, 451, 456, 377, 307]
 561 -- [346, 410, 409, 431, 401, 425, 451, 456, 377, 307]
 562 -- [346, 410, 409, 431, 401, 425, 451, 456, 377, 307]
 563 -- [346, 410, 409, 431, 401, 425, 451, 456, 377, 307]
 564 -- [346, 410, 409, 431, 401, 425, 451, 456, 377, 307]
 565 -- [346, 410, 409, 431, 401, 425, 451, 456, 377, 307]
 566 -- [346, 410, 409, 431, 401, 425, 451, 456, 377, 307]
 567 -- [346, 410, 409, 431, 401, 425, 451, 456, 377, 307]
 568 -- [346, 410, 409, 431, 401, 425, 451, 456, 377, 307]
 569 -- [346, 410, 409, 431, 401, 425, 451, 456, 377, 307]
 570 -- [346, 410, 409, 431, 401, 425, 451, 456, 377, 307]
 571 -- [346, 410, 409, 431, 401, 425, 451, 456, 377, 307]
 572 -- [346, 410, 409, 431, 401, 425, 451, 456, 377, 307]
 573 -- [346, 410, 409, 431, 401, 425, 451, 456, 377, 307]
 574 -- [346, 574, 409, 431, 401, 425, 451, 456, 377, 307]
 575 -- [346, 574, 409, 431, 401, 425, 451, 456, 377, 307]
 576 -- [346, 574, 409, 431, 401, 425, 451, 456, 377, 307]
 577 -- [346, 574, 409, 431, 401, 425, 451, 456, 377, 307]
 578 -- [346, 574, 409, 431, 401, 425, 451, 456, 377, 307]
 579 -- [346, 574, 409, 431, 401, 425, 451, 456, 377, 307]
 580 -- [346, 574, 409, 431, 401, 425, 451, 456, 377, 307]
 581 -- [346, 574, 409, 431, 401, 425, 451, 456, 377, 307]
 582 -- [346, 574, 409, 431, 401, 425, 451, 456, 377, 307]
 583 -- [346, 574, 409, 431, 401, 425, 451, 456, 377, 307]
 584 -- [346, 574, 409, 431, 401, 425, 451, 456, 377, 307]
 585 -- [346, 574, 409, 431, 585, 425, 451, 456, 377, 307]
 586 -- [346, 574, 409, 431, 585, 425, 451, 456, 377, 307]
 587 -- [346, 574, 409, 431, 585, 425, 451, 456, 377, 307]
 588 -- [346, 574, 409, 431, 585, 425, 451, 456, 377, 307]
 589 -- [346, 574, 409, 431, 585, 425, 451, 456, 377, 307]
 590 -- [346, 574, 409, 431, 585, 425, 451, 456, 377, 307]
 591 -- [346, 574, 409, 431, 585, 425, 451, 456, 377, 307]
 592 -- [346, 574, 409, 431, 585, 425, 451, 456, 377, 307]
 593 -- [346, 574, 409, 431, 585, 425, 451, 456, 377, 307]
 594 -- [346, 574, 409, 431, 585, 425, 451, 456, 377, 307]
 595 -- [346, 574, 409, 431, 585, 425, 451, 456, 377, 307]
 596 -- [346, 574, 409, 431, 585, 425, 451, 456, 377, 307]
 597 -- [346, 574, 409, 431, 585, 425, 451, 456, 377, 307]
 598 -- [346, 574, 409, 431, 585, 425, 451, 456, 377, 307]
 599 -- [346, 574, 409, 431, 585, 425, 451, 456, 377, 307]
 600 -- [346, 574, 409, 431, 585, 425, 451, 456, 377, 307]
 601 -- [346, 574, 409, 431, 585, 425, 451, 456, 377, 307]
 602 -- [346, 574, 409, 431, 585, 425, 451, 456, 377, 307]
 603 -- [346, 574, 409, 431, 585, 425, 451, 456, 377, 307]
 604 -- [346, 574, 409, 431, 585, 425, 451, 456, 377, 307]
 605 -- [346, 574, 409, 431, 585, 425, 451, 456, 377, 307]
 606 -- [346, 574, 409, 431, 585, 425, 451, 456, 377, 307]
 607 -- [346, 574, 409, 431, 585, 425, 451, 456, 377, 307]
 608 -- [346, 574, 409, 431, 585, 425, 451, 456, 377, 307]
 609 -- [346, 574, 409, 431, 585, 425, 451, 456, 377, 307]
 610 -- [346, 574, 409, 431, 585, 425, 451, 456, 377, 307]
 611 -- [346, 574, 409, 431, 585, 425, 451, 456, 377, 307]
 612 -- [346, 574, 409, 431, 585, 425, 451, 456, 377, 307]
 613 -- [346, 574, 409, 431, 585, 425, 451, 456, 377, 307]
 614 -- [346, 574, 409, 431, 585, 425, 451, 456, 377, 307]
 615 -- [346, 574, 409, 431, 585, 425, 451, 456, 377, 307]
 616 -- [346, 574, 409, 431, 585, 425, 451, 456, 377, 307]
 617 -- [346, 574, 409, 431, 585, 425, 451, 456, 377, 307]
 618 -- [346, 574, 409, 431, 585, 425, 451, 456, 377, 307]
 619 -- [346, 574, 409, 431, 585, 425, 451, 456, 377, 307]
 620 -- [346, 574, 409, 431, 585, 425, 451, 456, 377, 307]
 621 -- [346, 574, 409, 431, 585, 425, 451, 456, 377, 307]
 622 -- [346, 574, 409, 431, 585, 425, 451, 456, 377, 307]
 623 -- [346, 574, 409, 431, 585, 425, 451, 456, 377, 307]
 624 -- [346, 574, 409, 431, 585, 425, 451, 456, 377, 307]
 625 -- [346, 574, 409, 431, 585, 425, 451, 456, 377, 307]
 626 -- [346, 574, 409, 431, 585, 425, 451, 456, 377, 307]
 627 -- [346, 574, 409, 431, 585, 425, 451, 456, 377, 307]
 628 -- [346, 574, 409, 431, 585, 425, 451, 456, 377, 307]
 629 -- [346, 574, 409, 431, 585, 425, 451, 456, 377, 307]
 630 -- [346, 574, 409, 431, 585, 425, 451, 456, 377, 307]
 631 -- [346, 574, 409, 431, 585, 425, 451, 456, 377, 307]
 632 -- [346, 574, 409, 431, 585, 425, 451, 456, 377, 307]
 633 -- [346, 574, 409, 431, 585, 425, 451, 456, 377, 307]
 634 -- [346, 574, 409, 431, 634, 425, 451, 456, 377, 307]
 635 -- [346, 574, 409, 431, 634, 425, 451, 456, 377, 307]
 636 -- [346, 574, 409, 431, 634, 425, 451, 456, 377, 307]
 637 -- [346, 574, 409, 431, 634, 425, 451, 456, 377, 307]
 638 -- [346, 574, 409, 431, 634, 425, 451, 456, 377, 307]
 639 -- [346, 574, 409, 431, 634, 425, 451, 456, 377, 307]
 640 -- [346, 574, 409, 431, 634, 425, 451, 456, 377, 307]
 641 -- [346, 574, 409, 431, 634, 425, 641, 456, 377, 307]
 642 -- [346, 574, 409, 431, 634, 425, 641, 456, 377, 307]
 643 -- [346, 574, 409, 431, 634, 425, 641, 456, 377, 307]
 644 -- [346, 574, 409, 431, 634, 425, 641, 456, 377, 307]
 645 -- [346, 574, 409, 431, 634, 425, 641, 456, 377, 307]
 646 -- [346, 574, 409, 431, 634, 425, 641, 456, 377, 307]
 647 -- [346, 574, 409, 431, 634, 425, 641, 456, 377, 307]
 648 -- [346, 574, 409, 431, 634, 425, 641, 456, 377, 307]
 649 -- [346, 574, 409, 431, 634, 425, 641, 456, 377, 307]
 650 -- [346, 574, 409, 431, 634, 425, 641, 456, 377, 307]
 651 -- [346, 574, 409, 431, 634, 425, 641, 456, 377, 307]
 652 -- [346, 574, 409, 431, 634, 425, 641, 456, 377, 307]
 653 -- [346, 574, 409, 431, 634, 425, 641, 456, 377, 307]
 654 -- [346, 574, 409, 431, 634, 425, 641, 456, 377, 307]
 655 -- [346, 574, 409, 431, 634, 425, 641, 456, 377, 307]
 656 -- [346, 574, 409, 431, 634, 425, 641, 456, 377, 307]
 657 -- [346, 574, 409, 431, 634, 425, 641, 456, 377, 307]
 658 -- [346, 574, 409, 431, 634, 425, 641, 456, 377, 307]
 659 -- [346, 574, 409, 431, 634, 425, 641, 456, 377, 307]
 660 -- [346, 574, 409, 431, 634, 425, 641, 456, 377, 307]
 661 -- [346, 574, 409, 431, 634, 425, 641, 456, 377, 307]
 662 -- [346, 574, 409, 431, 634, 425, 641, 456, 377, 307]
 663 -- [346, 574, 409, 431, 634, 425, 641, 456, 377, 307]
 664 -- [346, 574, 409, 431, 634, 425, 641, 456, 377, 307]
 665 -- [346, 574, 409, 431, 634, 425, 641, 456, 377, 307]
 666 -- [346, 574, 409, 431, 634, 425, 641, 456, 377, 307]
 667 -- [346, 574, 409, 431, 634, 425, 641, 456, 377, 307]
 668 -- [346, 574, 409, 431, 634, 425, 641, 456, 377, 307]
 669 -- [346, 574, 409, 431, 634, 425, 641, 456, 377, 307]
 670 -- [346, 574, 409, 431, 634, 425, 641, 456, 377, 307]
 671 -- [346, 574, 409, 431, 634, 425, 641, 456, 377, 307]
 672 -- [346, 574, 409, 431, 634, 425, 641, 456, 377, 307]
 673 -- [346, 574, 409, 431, 634, 425, 641, 456, 377, 307]
 674 -- [346, 574, 409, 431, 634, 425, 641, 456, 377, 307]
 675 -- [346, 574, 409, 431, 634, 425, 641, 456, 377, 307]
 676 -- [346, 574, 409, 431, 634, 425, 641, 456, 377, 307]
 677 -- [346, 574, 409, 431, 634, 425, 641, 456, 377, 307]
 678 -- [346, 574, 409, 431, 634, 425, 641, 456, 377, 307]
 679 -- [346, 574, 409, 431, 634, 425, 641, 456, 377, 307]
 680 -- [346, 574, 409, 431, 634, 425, 641, 456, 377, 307]
 681 -- [346, 574, 409, 431, 634, 425, 641, 456, 377, 307]
 682 -- [346, 574, 409, 431, 634, 425, 641, 456, 377, 307]
 683 -- [346, 574, 409, 431, 634, 425, 641, 456, 377, 307]
 684 -- [346, 574, 409, 431, 634, 425, 641, 456, 377, 307]
 685 -- [346, 574, 409, 431, 634, 425, 641, 456, 377, 307]
 686 -- [346, 574, 409, 431, 634, 425, 641, 456, 377, 307]
 687 -- [346, 574, 409, 431, 634, 425, 641, 456, 377, 307]
 688 -- [346, 574, 409, 431, 634, 425, 641, 456, 377, 307]
 689 -- [346, 574, 409, 431, 634, 425, 641, 456, 377, 307]
 690 -- [346, 574, 409, 431, 634, 425, 641, 456, 377, 307]
 691 -- [346, 574, 409, 431, 634, 425, 641, 456, 377, 307]
 692 -- [346, 574, 409, 431, 634, 425, 641, 456, 377, 307]
 693 -- [346, 574, 409, 431, 634, 425, 641, 456, 377, 307]
 694 -- [346, 574, 409, 431, 634, 425, 641, 456, 377, 307]
 695 -- [346, 574, 409, 431, 634, 425, 641, 456, 377, 307]
 696 -- [346, 574, 409, 431, 634, 425, 641, 456, 377, 307]
 697 -- [346, 574, 409, 431, 634, 425, 641, 456, 377, 307]
 698 -- [346, 574, 409, 431, 634, 425, 641, 456, 377, 307]
 699 -- [346, 574, 409, 431, 634, 425, 641, 456, 377, 307]
 700 -- [346, 574, 409, 431, 634, 425, 641, 456, 377, 307]
 701 -- [346, 574, 409, 431, 634, 425, 641, 456, 377, 307]
 702 -- [346, 574, 409, 431, 634, 425, 641, 456, 377, 307]
 703 -- [346, 574, 409, 431, 634, 425, 641, 456, 377, 307]
 704 -- [346, 574, 409, 431, 634, 425, 641, 456, 377, 307]
 705 -- [346, 574, 409, 431, 634, 425, 641, 456, 377, 307]
 706 -- [346, 574, 409, 431, 634, 425, 641, 456, 377, 307]
 707 -- [346, 574, 409, 431, 634, 425, 641, 456, 377, 307]
 708 -- [346, 574, 409, 431, 634, 425, 641, 456, 377, 307]
 709 -- [346, 574, 409, 431, 634, 425, 641, 456, 377, 307]
 710 -- [346, 574, 409, 431, 634, 425, 641, 456, 377, 307]
 711 -- [346, 574, 409, 431, 634, 425, 641, 456, 377, 307]
 712 -- [346, 574, 409, 431, 634, 425, 641, 456, 377, 307]
 713 -- [346, 574, 409, 431, 634, 425, 641, 456, 377, 307]
 714 -- [346, 574, 409, 431, 634, 425, 641, 456, 377, 307]
 715 -- [346, 574, 409, 431, 634, 425, 641, 456, 377, 307]
 716 -- [346, 574, 409, 431, 634, 425, 641, 456, 377, 307]
 717 -- [346, 574, 409, 431, 634, 425, 641, 456, 377, 307]
 718 -- [346, 574, 409, 431, 634, 425, 641, 456, 377, 307]
 719 -- [346, 574, 409, 431, 634, 425, 641, 456, 377, 307]
 720 -- [346, 574, 409, 431, 634, 425, 641, 456, 377, 307]
 721 -- [346, 574, 409, 431, 634, 425, 641, 456, 377, 307]
 722 -- [346, 574, 409, 431, 634, 425, 641, 456, 377, 307]
 723 -- [346, 574, 409, 431, 634, 425, 641, 456, 377, 307]
 724 -- [346, 574, 409, 431, 634, 425, 641, 456, 377, 307]
 725 -- [346, 574, 409, 431, 634, 425, 641, 456, 377, 307]
 726 -- [346, 574, 409, 431, 634, 425, 641, 456, 377, 307]
 727 -- [346, 574, 409, 431, 634, 425, 641, 456, 377, 307]
 728 -- [346, 574, 409, 431, 634, 425, 641, 456, 377, 307]
 729 -- [346, 574, 409, 431, 634, 425, 641, 456, 377, 307]
 730 -- [346, 574, 409, 431, 634, 425, 641, 456, 377, 307]
 731 -- [346, 574, 409, 431, 634, 425, 641, 456, 377, 307]
 732 -- [346, 574, 409, 431, 634, 732, 641, 456, 377, 307]
 733 -- [346, 574, 409, 431, 634, 732, 641, 456, 377, 307]
 734 -- [346, 574, 409, 431, 634, 732, 641, 456, 377, 307]
 735 -- [346, 574, 409, 431, 634, 732, 641, 456, 377, 307]
 736 -- [346, 574, 409, 431, 634, 732, 641, 456, 377, 307]
 737 -- [346, 574, 409, 431, 634, 732, 641, 456, 377, 307]
 738 -- [346, 574, 409, 431, 634, 732, 641, 456, 377, 307]
 739 -- [346, 574, 409, 431, 634, 732, 641, 456, 377, 307]
 740 -- [346, 574, 409, 431, 634, 740, 641, 456, 377, 307]
 741 -- [346, 574, 409, 431, 634, 740, 641, 456, 377, 307]
 742 -- [346, 574, 409, 431, 634, 740, 641, 456, 377, 307]
 743 -- [346, 574, 409, 431, 634, 740, 641, 456, 377, 307]
 744 -- [346, 574, 409, 431, 634, 740, 641, 456, 377, 307]
 745 -- [346, 574, 409, 431, 634, 740, 641, 456, 377, 307]
 746 -- [346, 574, 409, 431, 634, 740, 641, 456, 377, 307]
 747 -- [346, 574, 409, 431, 634, 740, 641, 456, 377, 307]
 748 -- [346, 574, 409, 431, 634, 740, 641, 456, 377, 307]
 749 -- [346, 574, 409, 431, 634, 740, 641, 456, 377, 307]
 750 -- [346, 574, 409, 431, 634, 740, 641, 456, 377, 307]
 751 -- [346, 574, 409, 431, 634, 740, 641, 456, 377, 307]
 752 -- [346, 574, 409, 431, 634, 740, 641, 456, 377, 307]
 753 -- [346, 574, 409, 431, 634, 740, 641, 456, 377, 307]
 754 -- [346, 574, 409, 431, 634, 740, 641, 456, 377, 307]
 755 -- [346, 574, 409, 431, 634, 740, 641, 456, 377, 307]
 756 -- [346, 574, 409, 431, 634, 740, 641, 456, 377, 307]
 757 -- [346, 574, 409, 431, 634, 740, 641, 456, 377, 307]
 758 -- [346, 574, 409, 431, 634, 740, 641, 456, 377, 307]
 759 -- [346, 574, 409, 431, 634, 740, 641, 456, 377, 307]
 760 -- [346, 574, 409, 431, 634, 740, 641, 456, 377, 307]
 761 -- [346, 574, 409, 431, 634, 740, 641, 456, 377, 307]
 762 -- [346, 574, 409, 431, 634, 740, 641, 456, 377, 307]
 763 -- [346, 574, 409, 431, 634, 740, 641, 456, 377, 307]
 764 -- [346, 574, 409, 431, 634, 740, 641, 456, 377, 307]
 765 -- [346, 574, 409, 431, 634, 740, 641, 456, 377, 307]
 766 -- [346, 574, 409, 431, 634, 740, 641, 456, 377, 307]
 767 -- [346, 574, 409, 431, 634, 740, 641, 456, 377, 307]
 768 -- [346, 574, 409, 431, 634, 740, 641, 456, 377, 307]
 769 -- [346, 574, 409, 431, 634, 740, 641, 456, 377, 307]
 770 -- [346, 574, 409, 431, 634, 740, 641, 456, 377, 307]
 771 -- [346, 574, 409, 431, 634, 740, 641, 456, 377, 307]
 772 -- [346, 574, 409, 431, 634, 740, 641, 456, 377, 307]
 773 -- [346, 574, 409, 431, 634, 740, 641, 456, 377, 307]
 774 -- [346, 574, 409, 431, 634, 740, 641, 456, 377, 307]
 775 -- [346, 574, 409, 431, 634, 740, 641, 456, 377, 307]
 776 -- [346, 574, 409, 431, 634, 740, 641, 456, 377, 307]
 777 -- [346, 574, 409, 431, 634, 740, 641, 456, 377, 307]
 778 -- [346, 574, 409, 431, 634, 740, 641, 456, 377, 307]
 779 -- [346, 574, 409, 431, 634, 740, 641, 456, 377, 307]
 780 -- [346, 574, 409, 431, 634, 740, 641, 456, 377, 307]
 781 -- [346, 574, 409, 431, 634, 740, 641, 456, 377, 307]
 782 -- [346, 574, 409, 431, 634, 740, 641, 456, 377, 307]
 783 -- [346, 574, 409, 431, 634, 740, 641, 456, 377, 307]
 784 -- [346, 574, 409, 431, 634, 740, 641, 456, 377, 307]
 785 -- [346, 574, 409, 431, 634, 740, 641, 456, 377, 307]
 786 -- [346, 574, 409, 431, 634, 740, 641, 456, 377, 307]
 787 -- [346, 574, 409, 431, 634, 740, 641, 456, 377, 307]
 788 -- [346, 574, 409, 431, 634, 740, 641, 456, 377, 307]
 789 -- [346, 574, 409, 431, 634, 740, 641, 456, 377, 307]
 790 -- [346, 574, 409, 431, 634, 740, 641, 456, 377, 307]
 791 -- [346, 574, 409, 431, 634, 740, 641, 456, 377, 307]
 792 -- [346, 574, 409, 431, 634, 740, 641, 456, 377, 307]
 793 -- [346, 574, 409, 431, 634, 740, 641, 456, 377, 307]
 794 -- [346, 574, 409, 431, 634, 740, 641, 456, 377, 307]
 795 -- [346, 574, 409, 431, 634, 740, 641, 456, 377, 307]
 796 -- [346, 574, 409, 431, 634, 740, 641, 456, 377, 307]
 797 -- [346, 574, 409, 431, 634, 740, 641, 456, 377, 307]
 798 -- [346, 574, 409, 431, 634, 740, 641, 456, 377, 307]
 799 -- [346, 574, 409, 431, 634, 740, 641, 456, 377, 307]
 800 -- [346, 574, 409, 431, 634, 740, 641, 456, 377, 307]
 801 -- [346, 574, 409, 431, 634, 740, 641, 456, 377, 307]
 802 -- [346, 574, 409, 431, 634, 740, 641, 456, 377, 307]
 803 -- [346, 574, 409, 431, 634, 740, 641, 456, 377, 307]
 804 -- [346, 574, 409, 431, 634, 740, 641, 456, 377, 307]
 805 -- [346, 574, 409, 431, 634, 740, 641, 456, 377, 307]
 806 -- [346, 574, 409, 431, 634, 740, 641, 456, 377, 307]
 807 -- [346, 574, 409, 431, 634, 740, 641, 456, 377, 307]
 808 -- [346, 574, 409, 431, 634, 740, 641, 456, 377, 307]
 809 -- [346, 574, 409, 431, 634, 740, 641, 456, 377, 307]
 810 -- [346, 574, 409, 431, 634, 740, 641, 456, 377, 307]
 811 -- [346, 574, 409, 431, 634, 740, 641, 456, 377, 307]
 812 -- [346, 574, 409, 431, 634, 740, 641, 456, 377, 307]
 813 -- [346, 574, 409, 431, 634, 740, 641, 456, 377, 307]
 814 -- [346, 574, 409, 431, 634, 740, 641, 456, 377, 307]
 815 -- [346, 574, 409, 431, 634, 740, 641, 456, 377, 307]
 816 -- [346, 574, 409, 431, 634, 740, 641, 456, 377, 307]
 817 -- [346, 574, 409, 431, 634, 740, 641, 456, 377, 307]
 818 -- [346, 574, 409, 431, 634, 740, 641, 456, 377, 307]
 819 -- [346, 574, 409, 431, 634, 740, 641, 456, 377, 307]
 820 -- [346, 574, 409, 431, 634, 740, 641, 456, 377, 307]
 821 -- [346, 574, 409, 431, 634, 740, 641, 456, 377, 307]
 822 -- [346, 574, 409, 431, 634, 740, 641, 456, 377, 307]
 823 -- [346, 574, 409, 431, 634, 740, 641, 456, 377, 307]
 824 -- [346, 574, 409, 431, 634, 740, 641, 456, 377, 307]
 825 -- [346, 574, 409, 431, 634, 740, 641, 456, 377, 307]
 826 -- [346, 574, 409, 431, 634, 740, 641, 456, 377, 307]
 827 -- [346, 574, 409, 431, 634, 740, 641, 456, 377, 307]
 828 -- [346, 574, 409, 431, 634, 740, 641, 456, 377, 307]
 829 -- [346, 574, 409, 431, 634, 740, 641, 456, 377, 307]
 830 -- [346, 574, 409, 431, 634, 740, 641, 456, 377, 307]
 831 -- [346, 574, 409, 431, 634, 740, 641, 456, 377, 307]
 832 -- [346, 574, 409, 431, 634, 740, 641, 456, 377, 307]
 833 -- [346, 574, 409, 431, 634, 740, 641, 456, 377, 307]
 834 -- [346, 574, 409, 431, 634, 740, 641, 456, 377, 307]
 835 -- [346, 574, 409, 431, 634, 740, 641, 456, 377, 307]
 836 -- [346, 574, 409, 431, 634, 740, 641, 456, 377, 307]
 837 -- [346, 574, 409, 431, 634, 740, 641, 456, 377, 307]
 838 -- [346, 574, 409, 431, 634, 740, 641, 456, 377, 307]
 839 -- [346, 574, 409, 431, 634, 740, 641, 456, 377, 307]
 840 -- [346, 574, 409, 431, 634, 740, 641, 456, 377, 307]
 841 -- [346, 574, 409, 431, 634, 740, 641, 456, 377, 307]
 842 -- [346, 574, 409, 431, 634, 740, 641, 456, 377, 307]
 843 -- [346, 574, 409, 431, 634, 740, 641, 456, 377, 307]
 844 -- [346, 574, 409, 431, 634, 740, 641, 456, 377, 307]
 845 -- [346, 574, 409, 431, 634, 740, 641, 456, 377, 307]
 846 -- [346, 574, 409, 431, 634, 740, 641, 456, 377, 307]
 847 -- [346, 574, 409, 431, 634, 740, 641, 456, 377, 307]
 848 -- [346, 574, 409, 431, 634, 740, 641, 456, 377, 307]
 849 -- [346, 574, 409, 431, 634, 740, 641, 456, 377, 307]
 850 -- [346, 574, 409, 431, 634, 740, 641, 456, 377, 307]
 851 -- [346, 574, 409, 431, 634, 740, 641, 456, 377, 307]
 852 -- [346, 574, 409, 431, 634, 740, 641, 456, 377, 307]
 853 -- [346, 574, 409, 431, 634, 740, 641, 456, 377, 307]
 854 -- [346, 574, 409, 431, 634, 740, 641, 456, 377, 307]
 855 -- [346, 574, 409, 431, 634, 740, 641, 456, 377, 307]
 856 -- [346, 574, 409, 431, 634, 740, 641, 456, 377, 307]
 857 -- [346, 574, 409, 431, 634, 740, 641, 456, 377, 307]
 858 -- [346, 574, 409, 431, 634, 740, 641, 456, 377, 307]
 859 -- [346, 574, 409, 431, 634, 740, 641, 456, 377, 307]
 860 -- [346, 574, 409, 431, 634, 740, 641, 456, 377, 307]
 861 -- [346, 574, 409, 431, 634, 740, 641, 456, 377, 307]
 862 -- [346, 574, 409, 431, 634, 740, 641, 456, 377, 307]
 863 -- [346, 574, 409, 431, 634, 740, 641, 456, 377, 307]
 864 -- [346, 574, 409, 431, 634, 740, 641, 456, 377, 307]
 865 -- [346, 574, 409, 431, 634, 740, 641, 456, 377, 307]
 866 -- [346, 574, 409, 431, 634, 740, 641, 456, 377, 307]
 867 -- [346, 574, 409, 431, 634, 740, 641, 456, 377, 307]
 868 -- [346, 574, 409, 431, 634, 740, 641, 456, 377, 307]
 869 -- [346, 574, 409, 431, 634, 740, 641, 456, 377, 307]
 870 -- [346, 574, 409, 431, 634, 740, 641, 456, 377, 307]
 871 -- [346, 574, 409, 431, 634, 740, 641, 456, 377, 307]
 872 -- [346, 574, 409, 431, 634, 740, 641, 456, 377, 307]
 873 -- [346, 574, 409, 431, 634, 740, 641, 456, 377, 307]
 874 -- [346, 574, 409, 431, 634, 740, 641, 456, 377, 307]
 875 -- [346, 574, 409, 431, 634, 740, 641, 456, 377, 307]
 876 -- [346, 574, 409, 431, 634, 740, 641, 456, 377, 307]
 877 -- [346, 574, 409, 431, 634, 740, 641, 456, 377, 307]
 878 -- [346, 574, 409, 431, 634, 740, 641, 456, 377, 307]
 879 -- [346, 574, 409, 431, 634, 740, 641, 456, 377, 307]
 880 -- [346, 574, 409, 431, 634, 740, 641, 456, 377, 307]
 881 -- [346, 574, 409, 431, 634, 740, 641, 456, 377, 307]
 882 -- [346, 574, 409, 431, 634, 740, 641, 456, 377, 307]
 883 -- [346, 574, 409, 431, 634, 740, 641, 456, 377, 307]
 884 -- [346, 574, 409, 431, 634, 740, 641, 456, 377, 307]
 885 -- [346, 574, 409, 431, 634, 740, 641, 456, 377, 307]
 886 -- [346, 574, 409, 431, 634, 740, 641, 456, 377, 307]
 887 -- [346, 574, 409, 431, 634, 740, 641, 456, 377, 307]
 888 -- [346, 574, 409, 431, 634, 740, 641, 456, 377, 307]
 889 -- [346, 574, 409, 431, 634, 740, 641, 456, 377, 307]
 890 -- [346, 574, 409, 431, 634, 740, 641, 456, 377, 307]
 891 -- [346, 574, 409, 431, 634, 740, 641, 456, 377, 307]
 892 -- [346, 574, 409, 431, 634, 740, 641, 456, 377, 307]
 893 -- [346, 574, 409, 431, 634, 740, 641, 456, 377, 307]
 894 -- [346, 574, 409, 431, 634, 740, 641, 456, 377, 307]
 895 -- [346, 574, 409, 431, 634, 740, 641, 456, 377, 307]
 896 -- [346, 574, 409, 431, 634, 740, 641, 456, 377, 307]
 897 -- [346, 574, 409, 431, 634, 740, 641, 456, 377, 307]
 898 -- [346, 574, 409, 431, 634, 740, 641, 456, 377, 307]
 899 -- [346, 574, 409, 431, 634, 740, 641, 456, 377, 307]
 900 -- [346, 574, 409, 431, 634, 740, 641, 456, 377, 307]
 901 -- [346, 574, 409, 431, 634, 740, 641, 456, 377, 307]
 902 -- [346, 574, 409, 431, 634, 740, 641, 456, 377, 307]
 903 -- [346, 574, 409, 431, 634, 740, 641, 456, 377, 307]
 904 -- [346, 574, 409, 431, 634, 740, 641, 456, 377, 307]
 905 -- [346, 574, 409, 431, 634, 740, 641, 456, 377, 307]
 906 -- [346, 574, 409, 431, 634, 740, 641, 456, 377, 307]
 907 -- [346, 574, 409, 431, 634, 740, 641, 456, 377, 307]
 908 -- [346, 574, 409, 431, 634, 740, 641, 456, 377, 307]
 909 -- [346, 574, 409, 431, 634, 740, 641, 456, 377, 307]
 910 -- [346, 574, 409, 431, 634, 740, 641, 456, 377, 307]
 911 -- [346, 574, 409, 431, 634, 740, 641, 456, 377, 307]
 912 -- [346, 574, 409, 431, 634, 740, 641, 456, 377, 307]
 913 -- [346, 574, 409, 431, 634, 740, 641, 456, 377, 307]
 914 -- [346, 574, 409, 431, 634, 740, 641, 456, 377, 307]
 915 -- [346, 574, 409, 431, 634, 740, 641, 456, 377, 307]
 916 -- [346, 574, 409, 431, 634, 740, 641, 456, 377, 307]
 917 -- [346, 574, 409, 431, 634, 740, 641, 456, 377, 307]
 918 -- [346, 574, 409, 431, 634, 740, 641, 456, 377, 307]
 919 -- [346, 574, 409, 431, 634, 740, 641, 456, 377, 307]
 920 -- [346, 574, 409, 431, 634, 740, 641, 456, 377, 307]
 921 -- [346, 574, 409, 431, 634, 740, 641, 456, 377, 307]
 922 -- [346, 574, 409, 431, 634, 740, 641, 456, 377, 307]
 923 -- [346, 574, 409, 431, 634, 740, 641, 456, 377, 307]
 924 -- [346, 574, 409, 431, 634, 740, 641, 456, 377, 307]
 925 -- [346, 574, 409, 431, 634, 740, 641, 456, 377, 307]
 926 -- [346, 574, 409, 431, 634, 740, 641, 456, 377, 307]
 927 -- [346, 574, 409, 431, 634, 740, 641, 456, 377, 307]
 928 -- [346, 574, 409, 431, 634, 740, 641, 456, 377, 307]
 929 -- [346, 574, 409, 431, 634, 740, 641, 456, 377, 307]
 930 -- [346, 574, 409, 431, 634, 740, 641, 456, 377, 307]
 931 -- [346, 574, 409, 431, 634, 740, 641, 456, 377, 307]
 932 -- [346, 574, 409, 431, 634, 740, 641, 456, 377, 307]
 933 -- [346, 574, 409, 431, 634, 740, 641, 456, 377, 307]
 934 -- [346, 574, 409, 431, 634, 740, 641, 456, 377, 307]
 935 -- [346, 574, 409, 431, 634, 740, 641, 456, 377, 307]
 936 -- [346, 574, 409, 431, 634, 740, 641, 456, 377, 307]
 937 -- [346, 574, 409, 431, 634, 740, 641, 456, 377, 307]
 938 -- [346, 574, 409, 431, 634, 740, 641, 456, 377, 307]
 939 -- [346, 574, 409, 431, 634, 740, 641, 456, 377, 307]
 940 -- [346, 574, 409, 431, 634, 740, 641, 456, 377, 307]
 941 -- [346, 574, 409, 431, 634, 740, 641, 456, 377, 307]
 942 -- [346, 574, 409, 431, 634, 740, 641, 456, 377, 307]
 943 -- [346, 574, 409, 431, 634, 740, 641, 456, 377, 307]
 944 -- [346, 574, 409, 431, 634, 740, 641, 456, 377, 307]
 945 -- [346, 574, 409, 431, 634, 740, 641, 456, 377, 307]
 946 -- [346, 574, 409, 431, 634, 740, 641, 456, 377, 307]
 947 -- [346, 574, 409, 431, 634, 740, 641, 456, 377, 307]
 948 -- [346, 574, 409, 431, 634, 740, 641, 456, 377, 307]
 949 -- [346, 574, 409, 431, 634, 740, 641, 456, 377, 307]
 950 -- [346, 574, 409, 431, 634, 740, 641, 456, 377, 307]
 951 -- [346, 574, 409, 431, 634, 740, 641, 456, 377, 307]
 952 -- [346, 574, 409, 431, 634, 740, 641, 456, 377, 307]
 953 -- [346, 574, 409, 431, 634, 740, 641, 456, 377, 307]
 954 -- [346, 574, 409, 431, 634, 740, 641, 456, 377, 307]
 955 -- [346, 574, 409, 431, 634, 740, 641, 456, 377, 307]
 956 -- [346, 574, 409, 431, 634, 740, 641, 456, 377, 307]
 957 -- [346, 574, 409, 431, 634, 740, 641, 456, 377, 307]
 958 -- [346, 574, 409, 431, 634, 740, 641, 456, 377, 307]
 959 -- [346, 574, 409, 431, 634, 740, 641, 456, 377, 307]
 960 -- [346, 574, 409, 431, 634, 740, 641, 456, 377, 307]
 961 -- [346, 574, 409, 431, 634, 740, 641, 456, 377, 307]
 962 -- [346, 574, 409, 431, 634, 740, 641, 456, 377, 307]
 963 -- [346, 574, 409, 431, 634, 740, 641, 456, 377, 307]
 964 -- [346, 574, 409, 431, 634, 740, 641, 456, 377, 307]
 965 -- [346, 574, 409, 431, 634, 740, 641, 456, 377, 307]
 966 -- [346, 574, 409, 431, 634, 740, 641, 456, 377, 307]
 967 -- [346, 574, 409, 431, 634, 740, 641, 456, 377, 307]
 968 -- [346, 574, 409, 431, 634, 740, 641, 456, 377, 307]
 969 -- [346, 574, 409, 431, 634, 740, 641, 456, 377, 307]
 970 -- [346, 574, 409, 431, 634, 740, 641, 456, 377, 307]
 971 -- [346, 574, 409, 431, 634, 740, 641, 456, 377, 307]
 972 -- [346, 574, 409, 431, 634, 740, 641, 456, 377, 307]
 973 -- [346, 574, 409, 431, 634, 740, 641, 456, 377, 307]
 974 -- [346, 574, 409, 431, 634, 740, 641, 456, 377, 307]
 975 -- [346, 574, 409, 431, 634, 740, 641, 456, 377, 307]
 976 -- [346, 574, 409, 431, 634, 740, 641, 456, 377, 307]
 977 -- [346, 574, 409, 431, 634, 740, 641, 456, 377, 307]
 978 -- [346, 574, 409, 431, 634, 740, 641, 456, 377, 307]
 979 -- [346, 574, 409, 431, 634, 740, 979, 456, 377, 307]
 980 -- [346, 574, 409, 431, 634, 740, 979, 456, 377, 307]
 981 -- [346, 574, 409, 431, 634, 740, 979, 456, 377, 307]
 982 -- [346, 574, 409, 431, 634, 740, 979, 456, 377, 307]
 983 -- [346, 574, 409, 431, 634, 740, 979, 456, 377, 307]
 984 -- [346, 574, 409, 431, 634, 740, 979, 456, 377, 307]
 985 -- [346, 574, 409, 431, 634, 740, 979, 456, 377, 307]
 986 -- [346, 574, 409, 431, 634, 740, 979, 456, 377, 307]
 987 -- [346, 574, 409, 431, 634, 740, 979, 456, 377, 307]
 988 -- [346, 574, 409, 431, 634, 740, 979, 456, 377, 307]
 989 -- [346, 574, 409, 431, 634, 740, 979, 456, 377, 307]
 990 -- [346, 574, 409, 431, 634, 740, 979, 456, 377, 307]
 991 -- [346, 574, 409, 431, 634, 740, 979, 456, 377, 307]
 992 -- [346, 574, 409, 431, 634, 740, 979, 456, 377, 307]
 993 -- [346, 574, 409, 431, 634, 740, 979, 456, 377, 307]
 994 -- [346, 574, 409, 431, 634, 740, 979, 456, 377, 307]
 995 -- [346, 574, 409, 431, 634, 740, 979, 456, 377, 307]
 996 -- [346, 574, 409, 431, 634, 740, 979, 456, 377, 307]
 997 -- [346, 574, 409, 431, 634, 740, 979, 456, 377, 307]
 998 -- [346, 574, 409, 431, 634, 740, 979, 456, 377, 998]
 999 -- [346, 574, 409, 431, 634, 740, 979, 456, 377, 998]
1000 -- [346, 574, 409, 431, 634, 740, 979, 456, 377, 998]
